124313024,124313088,124313152,124313216,
124313152,124313216,124313280,124313344,124313408,124313472,
124313408,124313472,124313536,124313600,124313664,124313728,
124313664,124313728,124313792,124313856,124313920,124313984,
124313920,124313984,124314048,124314112,124314176,124314240,
124314176,124314240,124314304,124314368,124314432,124314496,
124314432,124314496,124314560,124314624,124314688,124314752,
124314688,124314752,124314816,124314880,124314944,124315008,
124314944,124315008,124315072,124315136,124315200,124315264,
124315200,124315264,124315328,124315392,124315456,124315520,
124315456,124315520,124315584,124315648,124315712,124315776,
124315712,124315776,124315840,124315904,124315968,124316032,
124315968,124316032,124316096,124316160,124316224,124316288,
124316224,124316288,124316352,124316416,124316480,124316544,
124316480,124316544,124316608,124316672,124316736,124316800,
124316736,124316800,124316864,124316928,124316992,124317056,
124316992,124317056,
